[collision]
12,28,45,28,T
12,15,12,28,T
#cave part 2
45,26,45,28,T
45,26,49,26,T
49,25,49,26,T
49,25,55,25,T
55,23,55,25,T
55,23,62,23,T
62,23,62,28,T
62,28,65,28,T
65,28,65,39,T
65,39,90,39,T
65,32,67,32,T
67,32,67,35,T
67,35,69,35,T
69,35,69,36,T
69,36,72,36,T
72,36,72,38,T
72,38,74,38,T
74,38,74,39,T

[levelprop]
cavel2,0,11,17,31,1.003
cavep1,31,11,47,31,1.001
lamp,36,19,40,23,1.001
cave1,12,22,24,30,1.001
cave3,21,26,29,31,1.001
cave2,26,21,39,30,1.000
cavet1,16,10,30,22,1.001
#cave part 2
crate,65,35,69,39,1.000
crate,65,32,67,35,1.000
crate,69,36,72,39,1.000
crate,72,38,74,39,1.000
cavet1,44,8,60,22,1.001
cavep1,51,8,63,28,1.001
cavel1,62,28,72,40,1.001
cave1,44,20,56,29,1.001
cavet1,58,8,72,19,1.001
cave3,61,25,65,28,1.000
cave3,80,34,86,39,1.000
lamp,82,34,85,37,1.000

[colorrect]
cavegray,10,10,44,11,1.000
cavegray,45,26,62,28,1.000
cavegray,49,25,62,26,1.000
cavegray,55,23,62,25,1.000
cavegray,0,28,65,50,1.000
cavegray,23,7,58,11,1.000
cavegraydark,11,11,45,28,0
cavegraydark,44,10,49,26,0
cavegraydark,49,10,55,25,0
cavegraydark,55,8,62,23,0
cavegraydark,62,8,88,28,0
cavegraydark,65,28,99,39,0
cavegray,65,39,99,50,1.001

[color]
cavegraydark,2f302f
cavegray,7f7f7f
black,000000

[checkpoint]
start,18,26

[resetbox]
#start,75,62,102,65

[imageprops]
cave1,0,1,1,0